100 10
-0.183006 -0.0500035 -0.0936327 -0.242587 -0.0871128 -0.0674288 -0.18845 -0.0272844 -0.15267 -0.256857 
-0.0980664 0.0136442 -0.0171025 -0.145001 -0.0459954 0.011917 -0.119097 0.0156961 -0.114992 -0.174763 
-0.197539 -0.0311621 -0.0695265 -0.21784 -0.0606083 -0.0429954 -0.175132 -0.0163337 -0.13132 -0.227531 
-0.183042 -0.0555178 -0.0654436 -0.221513 -0.0756735 -0.0596899 -0.184933 -0.0186103 -0.150137 -0.250658 
-0.166468 0.0895234 0.224448 0.46074 0.144639 -0.0174806 -0.618867 -0.352657 0.542903 -0.490404 
-0.197784 -0.0423806 -0.0673172 -0.21957 -0.0645663 -0.0536143 -0.169263 -0.0173811 -0.130259 -0.232626 
0.185346 0.0357574 0.0672012 0.221575 0.0697094 0.0607441 0.194554 0.0151067 0.158427 0.251165 
0.379156 0.261976 0.519117 -0.269471 -0.0892887 -0.480125 0.166222 -0.404051 0.487185 0.135702 
0.190336 0.0417897 0.079167 0.223693 0.0648676 0.0529396 0.189942 0.0151764 0.13897 0.232869 
-0.19096 -0.0462415 -0.0957103 -0.224733 -0.0825449 -0.0626432 -0.197252 -0.0291861 -0.162147 -0.239142 
0.193222 0.0446082 0.0826823 0.237968 0.0855448 0.0529176 0.190959 0.0173177 0.15237 0.242593 
-0.189826 -0.0534575 -0.0846341 -0.238818 -0.0706959 -0.0724245 -0.188901 -0.0312776 -0.146289 -0.239949 
-0.175025 0.0631857 0.240684 0.405771 0.156039 -0.246842 -0.545227 -0.298931 0.478133 -0.407884 
0.18663 0.0529541 0.0803706 0.237207 0.0757365 0.0676799 0.189057 0.0229947 0.149907 0.238634 
-0.188988 -0.0479997 -0.0552437 -0.218655 -0.0669757 -0.0579754 -0.185901 -0.00322327 -0.154629 -0.239528 
-0.0918742 0.141076 0.127666 -0.112763 -0.0921113 -0.086305 -0.531312 0.102729 0.157189 -0.21726 
0.194982 0.0334131 0.0812767 0.214685 0.0791073 0.0478036 0.170596 0.00997668 0.144015 0.25111 
0.188933 0.0411271 0.0804621 0.230959 0.0749707 0.0536514 0.176104 0.0185809 0.137398 0.245265 
0.0258475 0.186629 -0.473595 -1.49323 0.215043 0.54469 0.524716 0.243063 -0.112094 -0.272465 
0.525523 0.19681 -0.828955 0.886851 0.0363067 0.346486 -0.0467478 -0.595249 0.172092 -0.991838 
-0.0672752 -0.109078 -0.206064 -0.126946 -0.0262346 0.0196678 0.777915 0.0498922 -0.597235 0.463586 
-0.463929 0.692604 -0.623334 -0.683348 1.23009 -0.335798 -0.77956 1.59689 -0.0856599 -0.288838 
0.0641757 -0.0612025 0.0397803 0.115918 0.001323 0.00805178 0.0933913 -0.0112224 0.149046 0.166625 
-0.564858 0.553289 -0.775654 0.656515 -0.668012 1.11484 -0.309936 0.899193 -1.91447 0.659119 
-0.179834 -0.0501702 -0.0831757 -0.243131 -0.0832264 -0.0621222 -0.188277 -0.0316156 -0.146981 -0.244806 
-0.129104 0.0133143 -0.0672764 -0.16772 -0.0692405 -0.0257959 -0.146979 -0.0112156 -0.092815 -0.180907 
-0.166886 0.0255648 -0.0453257 -0.165464 -0.0166065 0.00377612 -0.126423 0.00559229 -0.108111 -0.203257 
0.988075 0.0255555 -0.327832 -0.935819 -0.181114 0.583935 0.0865528 -1.23329 1.05254 0.54102 
0.395437 -0.12655 0.350445 -0.407257 0.042929 0.303859 0.66356 -0.285032 -1.00269 0.503562 
0.223163 0.27816 -0.519142 -0.0271001 -0.392425 0.107172 -0.176284 0.162074 -0.743607 0.182843 
-0.1137 -0.0506536 -1.81253 2.56893 0.111156 -0.252996 -0.27331 -0.106421 0.337753 -0.487554 
-0.532512 -0.490094 -0.496252 -0.878205 0.302292 0.445338 0.227494 0.799384 1.5478 -0.398824 
-0.19044 -0.0598873 -0.0854006 -0.243037 -0.0848184 -0.0664426 -0.193409 -0.0221368 -0.162531 -0.235562 
-0.357992 -0.0128499 0.200305 -0.19102 -0.184238 0.711374 -0.804701 0.544166 -0.0943444 0.401208 
1.23833 0.887415 1.63513 -0.840969 -0.518173 -1.11049 -0.486234 -0.944573 -1.13824 0.853116 
-0.192239 -0.0649752 -0.0818895 -0.24126 -0.0936876 -0.0681262 -0.198728 -0.0321563 -0.154973 -0.24972 
-0.470827 -0.493957 -0.80567 -0.065277 -0.166834 -1.34065 2.87646 -0.169211 -1.4307 2.72015 
-0.0409072 0.00638949 0.24667 0.0428555 0.0418068 0.296301 -1.07548 0.217913 0.597179 0.270597 
0.173661 0.0424382 0.0900488 0.240178 0.0667024 0.0675904 0.183028 0.0290032 0.151783 0.250572 
-0.18342 -0.0332081 -0.0578552 -0.209004 -0.0709764 -0.063311 -0.176786 -0.00872842 -0.144623 -0.245874 
0.149416 -0.070686 -0.016646 0.259139 0.029188 0.0737919 0.289439 -0.109739 -0.0114556 0.302058 
0.188224 0.0506938 0.0854245 0.2196 0.0766041 0.0485405 0.16847 0.0285762 0.142509 0.244933 
-0.189813 -0.0355728 -0.0701658 -0.22467 -0.0722747 -0.0593032 -0.181984 -0.0168635 -0.151883 -0.249452 
-0.23572 1.25747 2.07717 0.0822371 -1.044 -0.65884 -0.694736 1.5222 -0.710948 -1.14137 
-0.195859 -0.0416226 -0.085605 -0.225617 -0.0676065 -0.0512086 -0.181025 -0.0101479 -0.143984 -0.239212 
-0.0732127 0.0310104 -0.0305369 -0.150289 -0.0479537 -0.0291644 -0.164922 0.0191957 -0.109637 -0.17034 
0.073516 0.175505 0.568012 0.389059 0.048061 0.0549688 0.123468 0.172757 0.41448 -1.1817 
0.446348 0.625252 -0.675438 1.64283 -0.498919 -0.726085 -0.529144 0.0595144 -0.842604 0.698145 
0.267993 0.227734 0.393889 -0.0391424 -0.105636 0.12435 0.0921153 -0.0541364 0.440283 -0.168616 
-0.185829 -0.0590708 -0.0748635 -0.228216 -0.0833713 -0.0612747 -0.187231 -0.0280574 -0.159395 -0.245732 
-0.181704 -0.0536299 -0.0891198 -0.242662 -0.0724468 -0.068174 -0.191242 -0.0222995 -0.162517 -0.242368 
1.3479 1.22894 -0.952337 -0.836386 -1.45831 -2.95133 0.548993 0.0180865 1.41724 0.625471 
-0.176355 -0.0583715 -0.0952627 -0.240392 -0.0763956 -0.0657246 -0.197725 -0.0250643 -0.165197 -0.242856 
0.132136 -0.100794 -0.0832839 0.342504 0.0690028 0.133414 0.316383 -0.155393 0.00885284 0.1908 
0.0909396 -0.224053 -0.242132 -0.138175 0.342974 -0.226159 0.356179 -0.348866 0.227021 0.0186739 
-0.184208 -0.0602594 -0.0808525 -0.23623 -0.0819768 -0.0553189 -0.193983 -0.0330562 -0.153611 -0.240973 
0.190248 0.0381425 0.0651099 0.227283 0.0760575 0.0562278 0.174896 0.0173928 0.148227 0.231254 
0.0989763 -0.0160532 0.0501879 0.19142 0.0513645 0.00155642 0.105101 -0.00738274 0.083157 0.171831 
0.261698 0.487336 -0.30968 0.00303943 -0.190106 0.131892 -0.297396 -0.199846 0.343513 -0.268165 
-0.0334167 -0.147205 -0.175 0.0929572 0.098534 0.0761961 0.530788 -0.085975 -0.156222 0.24524 
-3.21425 1.01643 0.724342 1.13196 -1.77291 0.936546 1.13968 -2.90525 1.31652 1.68825 
-0.287966 -0.559114 0.0712944 -1.06011 0.522976 0.470384 0.65312 -0.43265 0.98589 -0.201969 
-0.185729 -0.0601028 -0.0827277 -0.235953 -0.085527 -0.071934 -0.200128 -0.018453 -0.15185 -0.244822 
0.182131 -0.0416926 -0.246099 -0.344891 0.260934 0.168507 0.0657704 -0.0094512 0.196568 -0.330286 
0.179084 0.0568069 0.0759327 0.242939 0.0907498 0.0608879 0.200222 0.0330033 0.165935 0.252535 
1.75403 -1.94316 2.00453 1.25446 1.25911 -1.23702 -1.55848 -1.75335 -2.22249 2.0175 
-0.179988 -0.048411 -0.0880374 -0.233309 -0.0762236 -0.0718916 -0.198935 -0.0267786 -0.158743 -0.252298 
0.0665303 0.144199 0.0662772 -0.1257 -0.242507 0.0538705 -0.149514 0.150157 -0.127334 -0.219224 
-0.194114 -0.0338403 -0.0663042 -0.217208 -0.0585984 -0.0533937 -0.170537 -0.0187623 -0.128428 -0.239914 
-0.195501 -0.0544827 -0.0781851 -0.227516 -0.077242 -0.0636202 -0.188195 -0.0123059 -0.161185 -0.245566 
0.179535 0.0608592 0.0852902 0.235978 0.0935221 0.0726047 0.199199 0.0355143 0.150903 0.243235 
-0.188886 -0.0493838 -0.0709483 -0.232771 -0.0714246 -0.0634294 -0.185078 -0.0279431 -0.138637 -0.23747 
0.201063 0.0464815 0.0700573 0.23286 0.0726811 0.0495779 0.188846 0.0209491 0.150915 0.23138 
0.177321 0.0544367 0.0782335 0.23487 0.0836947 0.0642815 0.197952 0.0138497 0.153138 0.248867 
-0.192547 -0.0451568 -0.0858754 -0.234678 -0.0787195 -0.0551097 -0.182947 -0.019971 -0.137468 -0.250638 
0.190241 0.0393779 0.0702538 0.220968 0.0661686 0.0576863 0.166603 0.0223037 0.141773 0.254261 
-0.178307 -0.033627 -0.0931722 -0.232412 -0.0845594 -0.0540534 -0.197558 -0.0283663 -0.147374 -0.254596 
0.123414 0.368427 -0.159666 0.380441 -0.179974 1.08391 -0.796843 0.35292 -0.26025 -0.211315 
-0.180776 -0.0455362 -0.0734326 -0.230641 -0.0882571 -0.0566049 -0.190716 -0.0267125 -0.1653 -0.248217 
-0.181493 -0.0589307 -0.0832193 -0.240428 -0.0811704 -0.054927 -0.184582 -0.0412547 -0.160393 -0.249481 
0.213508 -0.0427523 -0.184855 -0.278032 0.00165712 -0.872701 1.05612 -0.373522 0.328672 -0.243571 
-0.177889 0.0863533 0.0814912 -0.320701 -0.0860477 -0.087864 -0.352125 0.130595 0.0991472 -0.127146 
-0.132113 0.0856974 0.249145 0.434835 0.165595 -0.279769 -0.610824 -0.366926 0.600887 -0.450251 
0.183712 0.0387799 0.0758152 0.218422 0.0680696 0.0605186 0.188123 0.0223389 0.144092 0.258217 
-0.204592 -0.0214937 -0.0770284 -0.198276 -0.0615133 -0.0423035 -0.174327 -0.000903232 -0.135025 -0.234574 
-0.052238 0.12994 0.100414 -0.348856 -0.0642433 -0.164566 -0.402933 0.146074 0.0763947 -0.217954 
0.20239 0.0284896 0.0646768 0.209129 0.065992 0.0518883 0.171492 0.0183729 0.122473 0.237003 
-0.0356395 0.00292472 0.0859646 -0.171417 -0.0889676 0.0196214 -0.108963 0.0269264 0.166308 -0.104809 
-0.184771 -0.0472958 -0.0792199 -0.223751 -0.064811 -0.0660124 -0.189751 -0.0200542 -0.141832 -0.235531 
-0.0848739 0.711143 -0.781206 -0.305448 -0.644318 -0.727504 -1.30149 0.592812 1.64474 1.21496 
0.194075 0.0437832 0.0818489 0.222141 0.0786846 0.0505566 0.17715 0.0233581 0.1362 0.23295 
0.181304 0.0694869 0.0945967 0.242682 0.089083 0.0757339 0.192505 0.0334123 0.154133 0.251566 
1.86101 -3.37184 0.673375 1.56759 -3.15367 0.581767 0.350304 0.495411 1.84455 0.770576 
-0.51815 0.0245472 1.47858 -0.15165 -0.188332 -0.891561 -0.16763 0.735734 -0.587362 0.0255454 
0.0675988 0.0243651 -0.0875907 -0.168716 -0.216997 -0.620906 1.15023 -0.478871 -0.2749 -0.0760204 
-0.18523 -0.0488671 -0.0736502 -0.227675 -0.0743866 -0.0612831 -0.192887 -0.00827832 -0.148996 -0.234147 
-0.183134 -0.0468241 -0.075058 -0.227283 -0.0748845 -0.0673696 -0.193613 -0.014391 -0.150033 -0.254124 
-0.569455 -0.970894 0.535558 0.946652 0.614431 -1.89581 0.268751 -0.108028 0.0359935 0.236143 
0.19196 0.0552544 0.0724546 0.237205 0.0754138 0.0483934 0.185234 0.0249506 0.149729 0.232045 
-0.195629 -0.0537263 -0.0807754 -0.227679 -0.076216 -0.0569144 -0.198636 -0.0226349 -0.159451 -0.249395 
